======================================================================
 NDB緑内障点眼薬 収載カバレッジ・単位判定の検証
======================================================================

1. 単位判定（品名ベース）と公表『単位』列の一致
----------------------------------------------------------------------
 照合対象行数（単位列のある2016〜2024年度）: 1,595
 不一致: 0 件
 → すべて一致。品名から単位を判定しmLへ統一換算する方法は妥当。

 容器単位（瓶・個）としてmL換算した品目:
   タプロスミニ点眼液０．００１５％　０．３ｍＬ → 0.3 mL/数量
   コソプトミニ配合点眼液　０．４ｍＬ → 0.4 mL/数量
   アイオピジンＵＤ点眼液１％　０．１ｍＬ → 0.1 mL/数量
   サンピロ点眼液２％　５ｍＬ → 5.0 mL/数量
   サンピロ点眼液１％　５ｍＬ → 5.0 mL/数量
   エイベリスミニ点眼液０．００２％　０．３ｍＬ → 0.3 mL/数量
   サンピロ点眼液０．５％　５ｍＬ → 5.0 mL/数量
   サンピロ点眼液４％　５ｍＬ → 5.0 mL/数量
   サンピロ点眼液３％　５ｍＬ → 5.0 mL/数量

2. 年度別の収載品目数（薬剤カテゴリ×年度）
----------------------------------------------------------------------
※NDBオープンデータは第10回（2022年度分）から外用薬の収録品目が大幅に増えた。
  2021年度以前に品目数が少ないカテゴリは、実態の処方量ではなく収載の制約を見ている。

code  APRACLONIDINE  BETAXOLOL  BIMATOPROST  BRIMONIDINE  BRINZOLAMIDE  BUNAZOSIN  CARTEOLOL  DIPIVEFRINE  DISTIGMINE  DORZOLAMIDE  FDC_A2_BETA  FDC_A2_CAI  FDC_CAI_BETA  FDC_PG_BETA  FDC_ROCK_A2  LATANOPROST  LEVOBUNOLOL  NIPRADILOL  OMIDENEPAG  PILOCARPINE  RIPASUDIL  TAFLUPROST  TIMOLOL  TRAVOPROST  UNOPROSTONE
year                                                                                                                                                                                                                                                                                                                       
2014              0          0            0            1             1          0          0            0           0            1            0           0             1            0            0            1            0           0           0            0          0           1        0           0            0
2015              0          0            1            1             1          1          2            0           0            1            0           0             3            3            0            3            0           1           0            0          1           2        3           1            1
2016              0          0            1            1             1          1          2            0           0            1            0           0             3            3            0            3            0           1           0            0          1           2        3           1            1
2017              0          0            1            1             1          1          1            0           0            1            0           0             3            4            0            4            0           1           0            0          1           2        3           1            1
2018              0          0            1            1             2          1          2            0           0            1            0           0             3            4            0            5            0           1           0            0          1           2        3           1            1
2019              0          0            1            1             3          1          2            0           0            1            0           0             3            4            0            6            0           0           1            0          1           2        1           2            1
2020              0          0            1            1             3          1          2            0           0            1            0           1             3            4            0            6            0           0           1            0          1           2        2           2            1
2021              0          0            1            3             2          1          2            0           0            1            1           1             3            3            0            5            0           0           1            0          1           2        1           1            1
2022              1          4            6            8             4          1         16            2           2            2            1           1             3            4            1           23            2           8           2            5          1           2       30           2            6
2023              1          2            8            8             4          1         16            0           2            2            1           1             3            4            1           22            2           8           2            5          1           3       33           2            6
2024              1          1            8            8             4          1         16            0           2            2            1           1             3            4            1           21            2           8           2            5          1           7       30           2            6

3. カバレッジ判定（全期間で収載されているか）
----------------------------------------------------------------------
 - APRACLONIDINE    収載  3/11年度  ★2022年度以降のみ収載（経年比較・APCは不可）
 - BETAXOLOL        収載  3/11年度  ★2022年度以降のみ収載（経年比較・APCは不可）
 - BIMATOPROST      収載 10/11年度  2014年度のみ未収載（第1回は上位品目のみ）
 - BRIMONIDINE      収載 11/11年度  全年度収載
 - BRINZOLAMIDE     収載 11/11年度  全年度収載
 - BUNAZOSIN        収載 10/11年度  2014年度のみ未収載（第1回は上位品目のみ）
 - CARTEOLOL        収載 10/11年度  2014年度のみ未収載（第1回は上位品目のみ）
 - DIPIVEFRINE      収載  1/11年度  ★2022年度以降のみ収載（経年比較・APCは不可）
 - DISTIGMINE       収載  3/11年度  ★2022年度以降のみ収載（経年比較・APCは不可）
 - DORZOLAMIDE      収載 11/11年度  全年度収載
 - FDC_A2_BETA      収載  4/11年度  ★欠測年あり: [2014, 2015, 2016, 2017, 2018, 2019, 2020]
 - FDC_A2_CAI       収載  5/11年度  ★欠測年あり: [2014, 2015, 2016, 2017, 2018, 2019]
 - FDC_CAI_BETA     収載 11/11年度  全年度収載
 - FDC_PG_BETA      収載 10/11年度  2014年度のみ未収載（第1回は上位品目のみ）
 - FDC_ROCK_A2      収載  3/11年度  ★2022年度以降のみ収載（経年比較・APCは不可）
 - LATANOPROST      収載 11/11年度  全年度収載
 - LEVOBUNOLOL      収載  3/11年度  ★2022年度以降のみ収載（経年比較・APCは不可）
 - NIPRADILOL       収載  7/11年度  ★欠測年あり: [2014, 2019, 2020, 2021]
 - OMIDENEPAG       収載  6/11年度  ★欠測年あり: [2014, 2015, 2016, 2017, 2018]
 - PILOCARPINE      収載  3/11年度  ★2022年度以降のみ収載（経年比較・APCは不可）
 - RIPASUDIL        収載 10/11年度  2014年度のみ未収載（第1回は上位品目のみ）
 - TAFLUPROST       収載 11/11年度  全年度収載
 - TIMOLOL          収載 10/11年度  2014年度のみ未収載（第1回は上位品目のみ）
 - TRAVOPROST       収載 10/11年度  2014年度のみ未収載（第1回は上位品目のみ）
 - UNOPROSTONE      収載 10/11年度  2014年度のみ未収載（第1回は上位品目のみ）

4. 都道府県別データの捕捉率（都道府県合計 / 全国総計, mLベース）
----------------------------------------------------------------------
※秘匿（数量1,000未満）により都道府県別の合計は全国総計を下回る。
  比が著しく低いカテゴリは都道府県別解析の対象として不適切。

code  APRACLONIDINE  BETAXOLOL  BIMATOPROST  BRIMONIDINE  BRINZOLAMIDE  BUNAZOSIN  CARTEOLOL  DIPIVEFRINE  DISTIGMINE  DORZOLAMIDE  FDC_A2_BETA  FDC_A2_CAI  FDC_CAI_BETA  FDC_PG_BETA  FDC_ROCK_A2  LATANOPROST  LEVOBUNOLOL  NIPRADILOL  OMIDENEPAG  PILOCARPINE  RIPASUDIL  TAFLUPROST  TIMOLOL  TRAVOPROST  UNOPROSTONE
year                                                                                                                                                                                                                                                                                                                       
2014            NaN        NaN          NaN        1.000         1.000        NaN        NaN          NaN         NaN        1.000          NaN         NaN         1.000          NaN          NaN        1.000          NaN         NaN         NaN          NaN        NaN       1.000      NaN         NaN          NaN
2015            NaN        NaN        0.998        1.000         0.999      1.000      0.813          NaN         NaN        0.999          NaN         NaN         0.981        1.000          NaN        1.000          NaN       0.000         NaN          NaN      0.997       0.999    0.802       0.998        1.000
2016            NaN        NaN        0.998        1.000         0.999      1.000      0.610          NaN         NaN        0.999          NaN         NaN         0.999        0.930          NaN        0.865          NaN       0.999         NaN          NaN      0.998       0.999    0.802       0.998        1.000
2017            NaN        NaN        0.998        1.000         0.999      1.000      0.755          NaN         NaN        0.999          NaN         NaN         0.999        0.943          NaN        1.000          NaN       0.999         NaN          NaN      0.999       0.999    0.996       0.998        1.000
2018            NaN        NaN        0.998        1.000         0.999      1.000      1.000          NaN         NaN        0.999          NaN         NaN         0.999        1.000          NaN        1.000          NaN       1.000         NaN          NaN      0.999       0.999    0.995       1.000        0.999
2019            NaN        NaN        1.000        1.000         0.999      0.999      1.000          NaN         NaN        0.998          NaN         NaN         0.999        1.000          NaN        0.999          NaN         NaN       1.000          NaN      0.999       0.999    0.990       1.000        0.999
2020            NaN        NaN        1.000        1.000         0.999      0.999      1.000          NaN         NaN        0.998          NaN       1.000         0.999        1.000          NaN        0.999          NaN         NaN       1.000          NaN      0.999       0.999    0.975       1.000        1.000
2021            NaN        NaN        1.000        1.000         0.999      1.000      1.000          NaN         NaN        0.997        1.000       0.999         0.999        1.000          NaN        0.999          NaN         NaN       1.000          NaN      0.999       0.999    0.701       0.999        0.999
2022          0.986      0.748        0.989        0.997         0.996      0.997      0.982        0.619       0.198        0.993        0.998       0.999         0.999        0.997        0.981        0.991        0.951       0.962       0.998        0.851      1.000       0.998    0.965       0.995        0.990
2023          0.987      0.855        0.984        0.997         0.997      0.997      0.982          NaN       0.000        0.993        0.998       0.999         0.999        0.997        0.998        0.992        0.954       0.956       0.999        0.845      0.999       0.998    0.961       0.995        0.989
2024          0.988      0.805        0.983        0.996         0.996      0.997      0.978          NaN       0.000        0.992        0.998       0.999         0.998        0.997        0.999        0.993        0.958       0.948       0.999        0.845      0.999       0.993    0.958       0.992        0.988
